3 0.085538 0.038519 0.001806 0.012126
3 0.090334 0.075610 0.002144 0.012840
3 0.092986 0.089342 0.002483 0.013909
3 0.095638 0.097723 0.002595 0.014266
3 0.101788 0.118587 0.003160 0.017476
3 0.107148 0.138560 0.003047 0.018903
3 0.050668 0.046187 0.002031 0.012483
3 0.023247 0.106818 0.002708 0.016763
3 0.021497 0.110384 0.003047 0.017476
3 0.020030 0.117160 0.003498 0.021043
3 0.016927 0.128217 0.003611 0.018903
3 0.012977 0.138738 0.003611 0.019259
3 0.008294 0.150508 0.004175 0.022112
3 0.052530 0.048505 0.001467 0.009273
3 0.047622 0.047435 0.001354 0.009986
3 0.055521 0.048148 0.001580 0.009273