0 0.005586 0.255720 0.011172 0.080247
0 0.003555 0.279259 0.007109 0.062058
0 0.037155 0.155144 0.009310 0.060988
0 0.040117 0.141770 0.008125 0.046008
0 0.061784 0.109671 0.007448 0.056708
0 0.063138 0.103519 0.005755 0.054033
0 0.076849 0.070350 0.005078 0.043333
0 0.078034 0.067675 0.004740 0.042263
0 0.078034 0.055103 0.004401 0.028889
0 0.096569 0.019794 0.002201 0.019259
0 0.101309 0.013107 0.002539 0.016584
0 0.102917 0.012572 0.002370 0.016584
0 0.104525 0.012037 0.002539 0.016584
0 0.187721 0.054300 0.003385 0.043333
0 0.190345 0.053765 0.001862 0.042263
0 0.192376 0.056173 0.002201 0.043868
0 0.196016 0.062860 0.005078 0.046543